              precision    recall  f1-score   support

           0       0.96      0.98      0.97      1603
           1       0.98      0.98      0.98      1603
           2       0.88      0.85      0.86      1531
           3       0.60      0.55      0.57      1624
           4       0.62      0.67      0.64      1612
           5       0.94      0.96      0.95      1566

    accuracy                           0.83      9539
   macro avg       0.83      0.83      0.83      9539
weighted avg       0.83      0.83      0.83      9539
